# maturity time: 3.000000
# model size: 40
# number of dates: 100
# spot: 100.000000 100.000000 100.000000 100.000000 100.000000 100.000000 100.000000 100.000000 100.000000 100.000000 100.000000 100.000000 100.000000 100.000000 100.000000 100.000000 100.000000 100.000000 100.000000 100.000000 100.000000 100.000000 100.000000 100.000000 100.000000 100.000000 100.000000 100.000000 100.000000 100.000000 100.000000 100.000000 100.000000 100.000000 100.000000 100.000000 100.000000 100.000000 100.000000 100.000000 
# dividend rate: 0.000000 0.000000 0.000000 0.000000 0.000000 0.000000 0.000000 0.000000 0.000000 0.000000 0.000000 0.000000 0.000000 0.000000 0.000000 0.000000 0.000000 0.000000 0.000000 0.000000 0.000000 0.000000 0.000000 0.000000 0.000000 0.000000 0.000000 0.000000 0.000000 0.000000 0.000000 0.000000 0.000000 0.000000 0.000000 0.000000 0.000000 0.000000 0.000000 0.000000 
# correlation: 0.000000
# volatility: 0.200000 0.200000 0.200000 0.200000 0.200000 0.200000 0.200000 0.200000 0.200000 0.200000 0.200000 0.200000 0.200000 0.200000 0.200000 0.200000 0.200000 0.200000 0.200000 0.200000 0.200000 0.200000 0.200000 0.200000 0.200000 0.200000 0.200000 0.200000 0.200000 0.200000 0.200000 0.200000 0.200000 0.200000 0.200000 0.200000 0.200000 0.200000 0.200000 0.200000 
100.000000 100.000000 100.000000 100.000000 100.000000 100.000000 100.000000 100.000000 100.000000 100.000000 100.000000 100.000000 100.000000 100.000000 100.000000 100.000000 100.000000 100.000000 100.000000 100.000000 100.000000 100.000000 100.000000 100.000000 100.000000 100.000000 100.000000 100.000000 100.000000 100.000000 100.000000 100.000000 100.000000 100.000000 100.000000 100.000000 100.000000 100.000000 100.000000 100.000000 
98.551650 104.246846 105.978338 101.410858 100.656438 97.005716 102.450006 100.732132 101.476008 103.650154 96.869693 101.092345 107.374986 97.596899 96.647802 102.656718 104.926595 104.081580 102.787717 101.740867 94.233246 103.539380 100.082254 101.575189 98.682291 99.677869 101.887348 102.034898 88.536443 100.681886 102.998605 100.091601 102.978596 104.537578 103.760275 105.834582 95.893388 100.065567 99.626275 103.098419 
93.278965 96.583970 109.048094 101.398792 107.359427 94.633553 100.672672 97.712619 100.490176 104.195664 93.205415 95.107628 111.765902 92.432776 97.433864 103.822505 107.663039 108.086275 101.308178 105.274583 95.483286 102.211295 102.398640 95.588318 101.713968 103.299980 101.675855 108.206831 87.243279 105.791842 100.098966 97.889732 104.832568 99.757188 105.161336 111.979983 93.623771 99.103917 101.620757 108.755423 
99.358690 96.734323 111.954893 104.153531 110.958962 93.445225 100.304246 91.660454 100.521899 99.930121 98.616845 96.774585 107.857350 96.995733 94.665723 104.727464 108.968444 104.618348 103.909163 107.275793 96.111537 94.223671 105.330924 96.467252 102.301673 100.737335 96.208590 103.167848 82.261293 100.342974 94.453600 101.012595 109.465758 98.558545 102.880883 109.903183 95.815160 96.968195 102.734802 114.259938 
96.239419 97.543462 116.770202 102.661921 114.997997 97.626478 104.814706 90.914464 98.049721 101.088344 97.267954 99.050154 104.999605 102.364786 92.316327 101.176912 103.994987 100.266145 105.807618 111.663795 94.911391 93.170274 113.316860 98.115452 100.717629 100.160748 92.449642 103.085003 82.495277 99.598933 95.193927 101.379236 105.778314 91.451764 109.635722 113.942126 90.835421 99.562817 102.405026 123.392359 
93.264267 95.259163 111.696721 106.817953 113.462850 95.585683 100.974883 95.090698 99.902617 95.099331 95.215497 97.311107 104.339829 107.913779 89.638166 101.403539 100.376672 105.776026 110.629171 119.786130 99.661233 89.882460 115.076789 95.771848 100.536453 98.942932 91.215317 102.846899 83.480696 97.738284 96.933542 99.628935 107.213848 92.087748 107.967278 116.293610 88.913559 102.704993 100.187832 124.508681 
98.712450 93.022375 112.587118 113.003087 110.748729 96.360023 108.982086 91.015615 97.467977 98.961473 93.179781 98.193658 102.575247 109.423552 89.448959 98.538864 108.027443 102.044872 105.098779 121.914046 97.463962 97.203259 116.747507 92.143225 97.690453 96.079875 92.668200 104.842750 83.466825 105.708179 101.288453 102.075676 107.512456 93.631295 105.934279 117.110563 94.112727 110.713487 101.615917 129.833902 
93.935105 94.898125 109.265284 114.911179 116.252290 99.254933 116.616957 94.999217 95.892677 99.047028 99.729743 98.471521 104.249765 110.099861 84.301888 91.275483 110.490895 99.698388 107.372281 127.611313 96.333117 89.750255 114.944545 84.818951 105.109884 93.258579 87.935400 98.326104 88.434642 112.678909 102.556969 109.094106 105.558190 99.710682 106.604816 115.408218 93.812112 111.209393 96.311356 130.897566 
93.994687 94.391396 104.471185 112.360592 119.395884 99.913228 121.831672 92.642784 96.728266 98.580239 95.430459 102.240381 102.843765 109.643233 87.898301 93.045252 113.496730 96.898017 106.433106 123.114868 103.311634 87.680319 108.424045 88.504350 103.336174 93.713768 86.215749 99.939023 91.087356 106.280338 102.284819 106.821024 113.075513 101.681364 97.882475 114.062985 88.159839 110.264001 97.390709 127.092550 
92.427533 98.894886 100.207944 112.849911 121.735960 97.976257 117.802305 96.546612 96.639113 91.701778 96.096420 101.024272 104.411007 109.546861 86.697707 90.670248 119.774830 92.977813 102.887210 124.088174 107.804004 83.465572 103.544729 91.343771 99.037828 93.563833 89.314630 100.484887 93.283025 102.415237 100.465124 112.032251 111.804347 105.312793 98.010241 106.291002 82.784444 108.201429 98.409188 124.277693 
95.650336 103.453722 100.258586 110.988272 122.344732 99.037750 118.857778 91.571667 98.026287 88.104148 95.961166 101.359816 104.942084 114.359886 90.844975 95.087149 117.463986 93.429190 104.208644 118.327210 108.967725 88.207710 110.194984 93.739889 94.987332 92.610989 87.755848 100.467332 92.028531 106.542579 99.992197 122.217128 108.724156 98.013038 92.047100 103.679429 82.610001 108.943006 101.867414 127.276895 
93.959054 102.150915 100.259363 110.411421 126.226284 99.985935 113.524196 96.772254 97.774512 87.051101 95.172884 104.547141 103.802214 120.170784 95.468450 94.844787 114.625725 91.363572 108.850371 130.184824 102.316583 88.589305 105.870621 91.093335 99.997533 89.950822 90.535535 100.925841 88.826549 102.762273 101.854211 118.020747 110.421707 96.307977 93.359399 103.236859 82.101224 101.331793 101.507038 126.264563 
94.964283 99.573834 103.863842 106.779102 119.839535 104.514716 115.506430 98.575428 97.644107 89.753383 98.627375 107.678572 111.090903 117.788391 90.802335 90.741295 113.537335 93.944359 111.145431 128.107196 95.687250 92.361956 109.503510 92.158925 104.752900 89.304014 93.941549 99.198473 85.543956 100.188608 110.004061 115.142303 114.940420 94.539563 96.937613 100.698147 80.405656 100.649538 106.452072 128.874996 
93.910559 100.557530 101.416160 105.815409 122.889951 105.661046 114.058034 96.039365 97.200823 88.006286 101.130574 104.008233 115.193217 123.138652 89.211913 91.625758 108.499241 95.456988 110.072452 130.056773 92.678396 91.418227 108.156008 92.559533 107.012022 93.481849 90.598696 95.522479 89.153073 100.929061 110.212812 121.265087 114.530290 93.752147 96.989379 102.148048 82.533708 91.356220 104.221885 129.852347 
97.124360 95.734899 97.077912 106.755520 123.720044 107.315463 117.089171 96.851644 95.662186 85.332397 100.174843 102.674597 117.567936 119.653444 94.757011 94.495796 107.388729 93.754726 104.453072 120.270681 95.747513 93.457220 114.935457 92.564498 108.417087 98.217703 90.865970 94.963101 89.013039 96.204625 117.846351 120.199691 116.873067 95.978220 95.413152 103.539037 83.095973 90.775770 103.927565 125.730581 
97.649134 98.073099 96.509501 111.767414 121.205727 117.653649 122.814880 99.784818 94.714766 80.615228 99.801849 100.496169 117.278149 120.497421 97.461766 94.448646 107.642820 103.145344 105.666051 120.502344 92.859643 94.918566 117.278271 96.372399 107.382392 98.493065 94.416375 100.824295 92.252178 97.453227 121.921177 123.137418 112.885874 96.968849 93.719862 103.126749 82.250533 89.995208 105.609561 121.265451 
96.837076 96.530100 101.174600 109.782787 123.617482 119.038435 125.790930 101.575181 96.975633 82.951925 100.497014 103.373520 129.378043 121.088565 98.441372 91.425687 104.056395 102.355403 103.229780 113.275075 94.917899 93.779663 121.220650 95.666555 109.559631 98.118947 94.446639 101.996906 98.362422 89.099838 121.070834 116.455626 114.433253 94.205919 94.386340 97.830848 77.534098 90.655949 101.801457 122.790800 
98.802909 107.072710 102.942106 107.591827 130.311695 115.938016 119.754812 100.795546 98.742620 86.388320 106.318371 107.779213 129.596206 118.136917 97.492258 87.314707 98.913482 101.776943 110.564305 109.959039 104.776483 93.891942 123.721526 97.407387 109.749595 95.066215 102.019291 96.247717 101.242348 89.818586 119.509725 111.771563 114.406850 90.376452 94.009203 100.915295 83.090214 93.783670 97.304199 123.559755 
96.486041 103.352776 98.829583 110.318355 133.348851 117.145592 125.167701 102.651909 90.152421 88.251032 110.158998 114.945932 134.885108 126.980264 103.911588 87.320435 92.967913 97.292348 107.969825 111.127982 104.337379 98.794455 118.477147 91.593628 110.108092 94.371936 108.537028 92.549517 101.081998 88.721071 114.693739 118.344005 115.069466 87.092911 92.014693 94.684970 83.487011 94.405882 103.426871 123.683527 
99.403513 103.791212 101.528855 110.023630 133.493158 120.252832 127.553190 101.093793 92.267609 86.527948 113.812957 118.245631 131.185257 127.978609 105.000604 87.008021 97.080981 99.684832 103.686066 113.168997 106.806215 104.512780 120.464283 90.348501 119.697006 87.608508 101.494609 89.346412 100.430643 90.272099 114.403237 118.472618 121.772097 85.135222 90.335745 89.527030 79.574786 96.487141 100.515690 120.095399 
103.336864 103.504522 102.394857 111.944175 136.385559 119.338038 129.266889 103.051671 94.777975 88.698413 107.445011 117.799690 127.023889 121.785935 103.476466 83.807872 99.425950 102.058093 103.334399 106.693932 113.602467 99.412206 120.528031 91.777672 124.664202 90.953836 104.331328 86.705879 98.553623 94.676197 122.043088 114.516943 124.571074 81.936634 89.600410 89.761668 77.195545 90.387550 100.709392 111.240585 
96.649780 103.340421 103.530381 111.495126 133.211049 119.300583 127.151128 105.964015 96.354737 83.246734 101.597707 110.289996 135.294583 120.666371 100.935129 80.266857 96.497615 106.189818 106.354122 102.904062 114.424919 97.482288 121.388714 87.509657 123.166936 87.713087 102.063589 87.680522 93.713462 92.648464 120.534522 111.983366 124.267779 81.457554 86.174425 93.178761 77.158936 89.091943 100.076204 112.878183 
96.632591 98.281704 101.532529 111.939111 132.851082 124.714394 124.012803 100.059434 99.884350 85.186826 99.541419 114.641955 129.351590 119.406433 93.636209 77.455936 97.317711 102.526483 115.818096 101.436848 113.667532 90.208916 119.383377 88.889955 123.534223 83.274312 102.572551 94.567886 97.406229 88.621247 121.618894 111.359169 122.550862 79.842104 84.076044 94.153187 74.988360 87.184267 101.543334 113.089643 
99.239548 98.361036 105.036896 110.174632 133.707534 120.917252 123.122339 99.312477 95.317424 85.695242 99.992880 107.760145 138.547031 122.843867 91.973548 79.047041 95.333453 101.160296 116.414887 100.126272 110.838985 89.032567 113.941588 87.106465 125.816378 86.250915 98.136017 93.221675 90.128165 84.590166 129.511863 112.073740 127.273424 78.514368 87.483712 97.051415 75.503547 82.839070 99.246836 120.523264 
97.616083 97.622434 104.764594 114.142545 133.399485 125.009039 126.283883 99.182870 98.941056 88.573992 96.829430 108.156578 137.290987 121.152089 87.893065 80.308500 93.310419 104.998080 112.437843 95.680139 112.182851 84.987211 115.828106 79.777285 126.062698 84.617315 97.313755 92.699536 93.891095 82.216773 127.726029 123.283005 129.331688 79.744445 85.603544 105.360759 73.333392 79.498660 101.592311 125.713661 
102.501855 102.558326 106.462535 117.777145 129.406166 111.056825 123.276178 94.277603 99.748045 91.319665 99.976744 112.459910 134.431904 126.158689 88.926827 77.701487 92.201054 112.741412 106.464711 90.612188 109.015858 83.508484 119.836390 79.287126 134.307861 86.469667 92.830471 95.326246 94.539968 83.221601 123.182327 127.855991 137.078160 79.943172 86.855400 102.051065 73.049048 82.006266 99.730603 128.863145 
98.268312 101.282015 108.582975 117.806603 127.009001 107.814949 127.830316 97.155609 100.964620 92.587571 98.482312 116.698370 124.744339 120.122162 91.253481 76.445037 90.148503 106.934918 108.070966 90.712915 108.801031 83.554289 122.674622 78.386083 135.003406 86.885958 94.866321 93.814228 88.848523 80.989582 128.343463 137.663840 143.307248 77.622427 87.720691 106.185366 71.208863 79.087443 101.424559 128.965927 
91.579586 95.767041 112.151906 119.475450 124.405353 105.387467 124.352932 97.767125 94.041741 92.536760 98.129600 125.640443 127.772716 120.980883 92.304272 74.089272 94.025956 108.647973 108.253469 84.587488 106.132364 79.939734 119.513949 74.314810 134.061919 85.850458 91.222990 92.954786 89.491232 80.092176 124.866851 148.380857 139.762170 81.108198 85.102589 109.339052 70.038345 78.992278 100.441414 127.429353 
91.660720 97.582507 108.372275 120.937409 125.367524 108.048234 131.095099 102.375416 92.425925 90.874496 91.708576 128.056634 133.914902 121.690232 88.290583 74.177111 94.967342 106.740740 108.337218 83.557760 115.531813 86.650263 119.687885 71.468515 131.875099 88.678715 92.751775 92.667217 93.212030 82.970684 120.535079 142.495972 154.105466 82.898528 90.234224 113.682164 70.596857 80.868136 97.288795 128.368931 
90.307751 96.236388 105.787665 127.730487 123.349570 116.357524 133.219546 104.297120 91.989015 92.312123 93.205630 127.991448 133.848349 122.286345 88.748067 77.328515 93.682672 110.207299 111.925401 85.233765 121.003177 89.868016 117.810022 67.765612 130.462077 89.458584 89.541572 89.569666 95.002382 80.776951 122.073377 148.972430 153.162034 81.447213 89.301375 113.226239 70.363332 76.667017 97.707854 120.634581 
93.307042 98.594462 105.794203 128.973892 116.910686 114.868084 128.110482 99.096998 95.340809 91.361700 94.076964 131.365158 134.079342 123.835614 93.702781 73.136084 89.747361 115.725442 107.347580 87.267542 123.882383 93.051844 116.708447 69.807155 139.777163 84.364262 92.228585 93.997284 91.998026 75.034863 118.183700 149.082833 149.318500 82.137675 85.421023 113.083292 72.167252 78.855146 96.196209 117.868410 
91.079334 95.308604 112.297565 127.101722 119.703102 105.709630 127.101928 97.295764 99.794006 81.593194 95.506787 132.337451 136.215720 119.195599 94.379860 74.064334 86.033351 107.972253 109.701140 90.311160 124.527541 93.064002 115.586125 67.946439 148.105124 91.474701 92.202895 97.027445 96.000112 73.487342 115.874227 144.193400 160.000295 86.389366 87.008372 116.795498 68.546455 79.345056 95.993917 122.130610 
99.163875 97.883058 116.335007 119.493468 123.670191 104.159010 121.086427 98.155882 104.306038 76.878006 97.719511 136.824336 134.117904 115.666790 91.767096 72.868145 89.787616 113.448964 109.861271 89.734028 122.564057 87.723676 116.770151 68.271065 136.225062 88.772547 89.781730 97.869345 87.235837 70.554172 117.794837 133.335084 158.324780 86.920354 86.364141 121.807483 69.894560 81.167928 98.471329 117.992330 
100.108736 97.409922 115.666010 114.533421 123.202424 107.419136 123.673277 95.160878 101.458058 75.422186 99.810309 145.079902 136.639176 120.763515 89.639125 71.135766 90.277076 117.551406 108.702211 88.262360 123.878054 87.809525 118.031404 66.556598 145.980739 88.288031 94.224314 100.062660 90.384080 70.194467 117.049093 131.057596 152.981086 90.737020 87.837031 123.661186 73.806520 79.428806 95.695066 130.099694 
96.996741 97.818053 114.035337 120.687711 119.866733 110.556459 126.633472 93.046219 102.886085 77.048397 99.398141 150.878390 132.096562 117.798461 92.991381 73.368307 91.188772 116.841289 111.066256 90.071039 125.758693 84.376176 120.517904 66.147665 139.995287 85.792966 96.561648 98.448490 88.715654 72.505477 114.427686 129.174193 147.685352 86.001498 89.324795 123.878114 74.275430 74.545828 99.276525 129.932710 
100.197204 97.238620 116.930141 122.964990 120.368719 111.446105 121.560037 90.240692 108.040936 76.441951 99.434114 151.393982 138.527707 118.888128 97.562994 74.849190 90.590852 119.026505 113.508150 97.921953 125.385791 86.733539 123.447149 65.301219 136.631576 82.416501 97.303324 103.696603 87.792275 73.128530 108.476463 133.169752 146.118632 81.496484 86.659113 119.659157 75.377770 72.009899 105.283508 123.522054 
100.770453 96.765966 114.797057 127.017252 115.323755 107.893041 120.378470 89.208865 101.245272 77.286195 104.959327 160.626743 143.911271 110.600753 97.482198 72.977198 92.538815 122.532876 117.579798 96.042330 123.915406 84.732000 115.209830 65.544457 136.743625 80.597955 96.211094 101.473145 90.020673 74.210915 109.590972 127.832079 149.645379 84.630197 90.405347 125.639993 79.142164 68.857882 109.880635 123.256814 
101.404234 100.217059 119.006609 123.398002 112.860738 108.607495 131.105827 85.878009 99.103610 77.855093 102.453707 166.729783 143.232247 115.760574 95.059797 75.599391 88.363595 125.596196 122.277702 98.422478 123.904671 89.421827 115.931791 65.568701 149.420688 81.232004 95.411267 101.017095 89.643681 74.137506 108.179469 129.854736 151.291010 85.119781 86.905638 121.710296 79.156812 73.112562 105.697247 124.740031 
106.634043 97.872636 119.947729 124.897403 117.370177 111.231709 124.701416 89.904190 99.657489 82.364660 108.136348 168.893794 147.551597 115.500805 91.875735 73.919703 88.713686 130.864796 126.597363 98.012310 121.372549 89.095986 120.976880 63.099083 141.868537 81.680238 92.578149 96.306693 86.426133 74.080970 110.916111 125.445349 152.108214 83.716798 89.939165 121.650441 76.309057 72.513722 99.880518 124.049993 
104.997192 95.634175 114.901053 132.537685 119.637208 111.673586 126.862745 87.253851 101.659422 79.433982 103.898735 163.332473 149.730333 117.414767 88.121783 75.430287 90.888536 141.094834 123.964834 99.179102 128.722990 88.855583 123.638261 61.693859 139.942257 81.971531 94.790988 91.543784 88.655133 75.367010 111.328273 124.896092 154.908962 80.359532 90.973687 124.152923 73.428161 71.605325 99.325170 121.159755 
106.204429 101.834398 115.649541 130.013978 116.875802 113.921487 125.005115 89.057836 97.527850 77.496679 103.550084 170.933953 155.042926 114.049417 88.016476 72.196972 91.551164 144.147321 118.944789 101.768265 122.872504 93.849660 123.616398 66.333402 134.410381 85.757985 93.528873 89.213744 85.776906 75.093044 110.349932 130.472867 154.108285 77.890647 86.683505 124.704565 72.624795 72.759097 98.016023 126.445614 
104.818278 104.365151 111.884392 131.290663 121.630102 113.655411 123.479761 91.013124 95.732253 75.621325 105.223607 174.804387 150.756637 114.015871 87.165079 69.490657 92.299173 134.538218 123.403815 104.003543 123.927616 95.726324 126.713854 66.153467 137.530490 86.101955 98.999497 90.009497 82.411614 75.666821 107.044538 133.149419 160.901265 77.232728 86.907520 119.830181 76.185120 72.780923 102.132449 126.595283 
104.172865 100.317439 116.106594 127.758898 121.259605 124.364337 132.560486 92.718194 96.059812 77.378053 107.792884 169.630717 156.659942 119.867739 89.010433 71.500830 90.784666 138.725720 120.379437 96.539471 130.224002 99.750826 127.687473 66.119094 136.392799 87.784905 94.190389 86.714183 81.492743 74.751891 109.732717 129.415153 165.647166 77.409462 85.675952 123.094859 76.245340 70.835095 100.337071 123.176781 
104.436468 101.544339 117.665340 130.037009 115.513746 124.132097 132.487003 96.080054 98.241007 81.165964 102.737513 159.700290 151.669654 117.167659 94.816890 68.520050 88.898051 138.094311 123.721823 95.338380 128.694595 99.218165 129.759281 64.699430 131.276334 91.462103 95.380184 85.621467 80.231007 77.723640 107.797690 129.436043 169.078558 74.963491 88.209437 131.287977 74.061141 69.236662 108.047152 124.054976 
113.207827 100.265452 119.985141 127.811125 122.279782 118.389454 131.795858 91.040134 96.173006 77.841582 101.839330 153.955039 153.647375 115.668009 96.263703 73.051241 91.696344 139.678586 128.125202 97.616297 121.500952 91.152384 133.086907 67.131907 127.250753 99.884880 96.535318 82.936223 78.982916 75.401941 112.373801 128.295076 169.166660 80.798986 86.349035 142.221711 70.544227 65.006230 108.045476 130.172199 
107.339634 99.776688 121.894679 129.048111 117.118849 123.525746 132.081983 91.181155 96.097832 77.424277 99.514411 153.873179 153.611813 109.017775 93.957885 73.030624 100.397370 135.735065 130.023174 98.165928 120.196823 89.103467 133.505200 67.471001 131.579099 98.926511 97.573894 81.981264 75.998991 75.040936 113.083953 129.915558 169.095215 76.328210 84.033286 142.066367 68.976302 66.341071 105.793338 127.568439 
109.925380 93.598974 124.232562 124.244084 119.543652 121.049704 139.814246 88.046939 97.764386 75.850533 103.165732 155.155575 145.547269 118.915030 91.528850 78.514872 102.400119 133.821293 134.597922 100.532736 116.101777 83.482348 136.530153 66.905864 136.106518 97.935960 101.910529 80.768827 75.467500 75.060141 111.996579 129.156738 154.976500 72.178669 86.465090 138.306287 71.433114 66.841272 103.899063 123.634817 
108.773493 86.466077 128.023086 122.321867 113.877335 121.071572 138.905890 91.093077 92.796237 81.824004 104.450967 156.928658 145.554827 107.367935 89.907179 80.705895 102.128443 127.339342 126.318612 101.844842 118.570157 84.741244 140.403589 68.485901 135.853737 101.005171 103.014013 80.105796 80.431314 74.924368 113.322223 127.093361 157.932372 71.178316 88.210597 145.362082 72.117832 64.621974 103.467440 121.017790 
111.603075 86.792289 129.402712 122.209378 114.345494 121.307454 142.812960 92.682128 87.430756 83.428766 102.425390 165.538298 149.551005 109.880717 91.407916 78.153790 103.197669 127.081476 128.701289 110.446025 120.721966 82.565149 139.937530 68.955527 127.956382 94.594047 99.531465 77.643057 79.314783 71.716166 109.211012 132.528176 161.636544 71.742619 85.618088 144.402073 75.914788 65.477946 102.767143 121.243024 
112.888591 89.392379 128.326037 118.164877 113.079821 127.974585 140.820301 97.209868 84.981204 83.305168 106.248455 169.728087 149.839312 114.537197 85.692659 76.184306 104.861055 126.924534 127.218052 112.554612 123.266244 83.627059 139.216105 68.518516 133.263698 92.724352 98.665083 76.359444 82.843847 75.217642 108.238880 136.776923 165.497824 74.947405 83.590250 144.267471 81.123105 68.808559 96.821688 118.958610 
118.872934 90.246316 127.424976 119.097561 115.639180 128.815440 133.460514 100.124072 91.237161 86.554361 108.233187 173.847038 150.549931 113.803268 82.469818 78.077861 100.422991 125.603385 129.671474 109.317381 123.118210 83.948629 133.706117 65.905713 131.418202 95.774954 98.368716 81.069486 83.479800 77.819852 105.115189 135.617623 166.075852 73.233254 81.587257 153.313380 79.888451 68.236210 97.464545 111.406556 
114.314904 85.365598 125.765670 116.705856 112.582766 125.773019 130.247557 98.693680 94.531866 84.525904 108.823159 176.826174 156.525822 114.082791 82.138239 82.943261 100.489805 128.696118 128.246856 118.084340 125.231550 84.944293 132.743942 64.766812 123.846600 94.464970 98.474276 80.853830 78.577817 77.367118 103.185260 132.984293 169.494984 74.080405 79.329421 150.011944 75.259521 67.324569 105.747303 113.295637 
115.059510 83.509455 126.716819 109.923298 110.985655 119.910056 140.598053 96.198660 98.146480 81.905707 111.135045 182.481476 157.162054 113.577073 85.223134 82.366852 99.581127 122.350299 131.912303 116.467114 124.665812 83.365476 138.274154 72.316127 129.305245 93.043882 99.587861 83.447529 77.103710 76.007945 100.164637 125.921583 178.705362 71.277669 77.296390 144.672605 73.244565 65.826919 102.600356 110.878684 
106.889900 83.777986 133.599084 108.258927 114.915533 124.411977 146.658018 93.000122 98.058369 80.336941 105.920836 174.240484 157.535504 114.251602 81.107814 83.046767 101.879104 125.020423 131.742132 109.195811 124.231894 81.048924 136.649521 70.539547 126.808974 94.575957 96.408361 85.829260 78.320382 71.183261 105.121285 121.304757 174.191744 72.773932 78.889221 141.445037 70.902980 63.622836 102.799992 116.509175 
101.855467 85.887448 131.592141 110.572674 107.604275 129.385560 143.686417 91.131813 100.600686 79.127844 103.815063 179.244255 155.236957 112.693103 81.500510 86.956024 103.690193 126.114665 132.979013 110.877295 126.251592 84.991570 140.330320 72.871570 128.292312 92.741742 97.528420 80.687186 77.612532 76.706113 104.119344 120.516792 183.306345 74.934194 72.850950 138.049034 73.169704 63.043248 105.272479 109.374533 
98.610545 90.684665 129.212276 110.698740 107.488683 130.539167 139.098656 93.536807 96.544606 80.885965 103.349315 184.462640 157.752347 110.678339 83.850450 83.156620 102.935478 132.212988 132.495655 116.347765 124.755681 86.559884 138.488772 71.875967 128.490614 87.565836 97.171813 77.430245 75.115577 78.088061 107.627515 118.918911 169.800404 71.296197 68.914351 136.819049 73.042031 64.172297 108.940801 106.286358 
103.764699 88.722238 126.378173 109.123543 110.057803 124.484847 138.810992 93.341029 97.809962 76.864365 104.643931 183.476750 164.195439 109.804959 85.457955 81.567394 106.144721 131.276786 138.889945 118.233570 129.187516 90.535016 145.315204 72.543903 134.813109 86.407414 94.650031 80.630354 72.848667 79.791968 105.615727 117.619965 160.859898 68.266406 66.580755 142.829890 76.236247 66.009329 108.620603 108.046490 
102.672193 83.845740 125.725553 108.580897 114.500773 114.635339 139.697416 91.679799 100.868907 76.182023 107.056121 187.509404 165.099124 111.281277 86.381871 79.780928 105.472794 131.506338 135.578363 120.105226 130.466825 88.436581 144.541233 73.689513 134.741685 86.661203 95.111465 87.273944 70.405015 80.148550 107.479409 118.580748 157.928709 69.156630 64.869798 134.004931 75.494042 65.245514 106.143367 111.387131 
102.095376 87.556050 128.867886 105.036247 117.425513 113.881006 133.423859 95.755272 99.911638 78.623606 106.358040 186.461388 162.214261 111.124118 88.613747 78.334411 103.000800 132.910974 141.887921 117.757078 131.689742 82.973989 146.040664 77.195456 133.622150 89.742310 95.351618 82.072342 69.824875 76.347478 109.300631 118.875848 162.536655 68.725808 61.396820 132.285244 78.310211 68.291727 112.006074 110.291702 
93.767486 87.704323 130.451007 105.629765 124.591454 116.479454 130.004421 93.736261 101.300566 77.802452 108.842612 185.944852 163.981285 113.894426 87.312711 81.526089 107.236174 131.760778 147.015780 118.712003 130.450896 80.249480 153.117332 77.826592 125.770438 90.534120 95.034518 77.876907 72.324697 70.613400 104.376597 120.932304 159.317019 70.349549 63.089108 135.948018 81.601067 61.763103 111.825983 111.322173 
93.852632 89.912719 124.206793 100.818022 124.718796 115.854863 129.544572 88.050275 105.371409 77.533147 111.652196 174.850906 167.133433 113.866913 86.936078 78.847036 101.656285 130.051134 144.305799 121.537686 132.438044 84.923672 151.793255 77.022437 127.545945 94.694386 92.672148 75.931837 73.110114 75.552652 102.998926 122.060013 166.380251 75.737000 62.629647 127.016590 79.519344 60.411892 108.339417 104.791038 
96.393541 93.808900 128.327998 96.415512 129.621835 116.425933 135.413669 85.425377 104.524453 77.976596 105.334480 186.336452 173.633536 112.396638 88.881913 74.108694 105.344149 131.557446 141.188374 123.217421 137.009543 80.208768 161.471556 75.193897 127.654442 96.027239 88.844948 77.403426 80.786512 76.059685 95.501486 120.569843 171.484904 74.102642 58.405197 131.242635 78.554082 60.546159 107.266629 104.001258 
90.166606 93.730392 140.750767 100.024397 117.916165 116.348619 139.949939 81.994049 103.605336 81.687937 98.495002 189.609413 161.307331 109.295611 85.226018 72.545360 102.013858 130.746295 139.298525 119.097953 134.932613 79.848827 166.346972 76.394230 132.035758 97.447081 89.572265 72.218416 85.710449 77.816758 99.683270 119.158720 168.793240 75.018927 58.935027 125.974008 74.201520 61.396259 102.269219 107.261946 
93.685718 92.458630 154.793971 106.296551 116.595644 117.602652 146.456500 83.365835 101.268105 82.221370 97.277349 187.491115 166.940816 115.873418 83.756198 71.924922 100.225952 126.719001 146.392242 118.537673 135.107115 81.434779 166.832403 80.535825 133.794998 94.584161 89.446453 73.630229 88.503047 79.300681 98.581012 120.585805 160.869332 78.714464 59.566168 128.168230 75.911767 63.485575 97.440374 110.996576 
97.196373 86.998102 150.770551 100.646253 120.777935 111.920667 143.102489 84.309525 98.092625 86.573176 95.625421 194.507506 169.419972 114.706549 82.775708 69.958063 98.777223 122.480877 144.004085 123.987208 139.576118 82.434305 160.978353 81.182030 130.991682 97.911194 90.264817 72.329467 83.948498 83.708081 98.533715 122.544514 152.897629 82.783236 58.111485 133.576519 77.345785 63.281544 95.235521 110.056487 
94.922881 88.632041 155.298117 105.813757 122.036031 110.072437 149.473559 79.957362 98.034780 77.272940 101.262984 194.464634 176.281444 118.342417 80.328864 69.081718 100.200369 122.525008 129.524252 130.522022 144.830241 77.398017 158.018782 86.910825 129.737127 97.514776 90.751339 71.075897 89.113716 81.363807 103.676142 123.840430 161.341867 87.216291 56.909135 129.986993 78.595051 61.102601 90.871788 105.478863 
87.966097 83.363775 147.392399 103.604759 119.512049 112.620948 154.912916 80.526966 100.526079 81.543796 99.809437 194.122751 171.820870 123.182245 79.276940 71.058723 101.743241 121.447251 130.358664 135.968435 152.851751 80.091649 161.251600 86.397345 123.896307 96.419647 91.316493 73.248787 90.107411 74.644587 105.802135 121.260797 163.806391 86.345134 56.598296 125.110813 77.161171 61.470757 91.457962 105.065726 
88.596328 87.663745 146.235527 99.413314 118.739463 110.919104 151.608422 80.234166 95.356089 79.558365 100.007289 180.864522 173.317050 128.713555 76.208107 71.645877 102.799378 120.118595 126.992917 130.889863 154.856900 84.647263 164.624687 87.296195 127.308084 99.367247 95.281465 73.157241 92.146971 70.712839 114.261357 117.882677 170.525989 80.779749 53.690423 124.542700 78.408188 61.755339 86.944303 99.839748 
91.688652 91.905600 153.192297 100.402119 119.128890 110.888057 151.499317 79.301529 98.156437 89.902579 99.939523 182.299318 175.223669 127.653876 77.289285 77.278266 101.092889 123.645768 125.218875 126.940828 150.619431 85.730629 167.842314 88.821311 130.576745 97.841910 97.342323 74.503048 90.598384 76.033483 109.702646 117.242443 182.020403 79.218248 54.811323 123.819816 82.689091 61.191022 86.156276 101.711181 
89.871376 87.521737 151.711084 103.695934 121.952350 107.249211 156.501085 77.407195 101.886044 83.229284 97.512297 190.466408 162.307520 129.381581 76.718258 78.023494 100.327081 120.507263 125.901431 126.725327 158.755410 84.983214 172.536566 89.413744 133.795377 95.064685 97.468706 74.963642 94.857281 82.066767 107.501874 119.902619 182.064997 76.605589 52.626487 121.561683 82.533054 59.937121 87.134142 100.289360 
89.789447 85.026831 154.086784 99.248512 122.872194 107.616510 156.947987 82.993223 103.480506 88.139465 97.518995 198.091289 163.050103 120.515783 76.061296 81.296105 96.242815 119.298820 123.713155 122.504805 158.321776 81.674592 173.433247 91.601314 128.622304 92.599090 97.396240 73.750648 88.117563 83.881577 107.761195 123.569241 176.913731 73.457936 52.227597 120.474034 86.062239 64.661339 80.782814 97.335085 
90.534920 88.290557 147.403183 100.984784 121.244590 108.742274 154.234971 84.873828 104.851698 88.015841 99.290669 199.746761 174.847472 123.392081 78.315654 82.387059 97.940769 116.980625 123.081327 123.233715 147.626524 83.278121 182.957541 98.880912 127.587453 95.236032 99.174764 72.806165 90.415966 84.006732 107.813100 120.154709 176.678052 72.211118 50.190603 123.445063 87.249574 62.821484 83.687033 99.612556 
87.624877 88.356718 147.316832 103.004797 118.768819 112.405044 150.067845 82.070288 101.898629 91.419312 96.330787 191.549355 177.319438 128.401601 76.742211 79.416687 94.194842 120.166215 128.655418 119.770494 139.841126 85.116792 181.574961 103.427582 122.460568 94.387450 96.291385 74.247161 87.979433 83.286026 101.860778 118.659396 173.794253 68.263421 52.014312 123.038692 88.651100 58.467537 89.376236 108.286427 
84.592345 82.905748 151.101783 100.087008 111.220144 110.833444 142.377793 83.173379 106.510286 89.255952 99.119377 204.858020 188.328591 124.229008 77.077140 77.256640 99.488442 122.985270 123.053737 119.612435 145.491148 84.056893 188.450002 99.616967 124.424394 91.141867 94.404179 74.597249 88.936193 84.862359 105.697867 112.921836 174.663575 69.270389 49.887171 125.652577 87.869318 61.497261 90.287515 101.857833 
81.849193 79.990721 150.002232 100.121299 110.969183 106.779765 145.753939 86.245740 107.126337 93.440749 97.196437 197.071686 180.209748 129.459937 79.879353 80.835031 107.742725 125.636382 121.718293 119.490759 144.680986 80.852741 185.941622 102.340406 119.578951 87.950551 98.174128 73.215227 90.006583 86.919796 103.710906 104.609895 169.064166 68.265000 49.905485 139.173339 84.902508 56.696418 88.967695 95.357409 
83.576373 77.969798 148.606407 94.020320 101.496211 105.769182 144.110906 82.036305 107.670708 95.179827 98.059504 191.474840 179.678558 127.756913 79.578799 85.665474 106.160503 129.604724 125.604095 116.037032 142.927947 78.066576 184.829257 95.255207 121.855768 88.445849 101.499275 73.899378 88.997347 86.325296 108.007243 100.613651 176.687328 67.170178 49.368480 141.607133 88.178906 61.559645 84.913527 92.903832 
86.741046 75.810108 150.552565 93.331193 103.161008 105.670352 144.407909 79.391448 114.354975 91.353066 101.760103 188.059208 165.174534 127.065567 80.881366 87.684589 109.167366 132.157638 123.893606 122.967509 146.551505 81.217641 183.402084 97.110605 120.668047 94.102828 101.330119 74.972962 89.346279 84.551311 110.910784 98.852721 172.280177 69.224595 51.414170 135.607653 85.738055 59.414695 82.262938 92.730638 
87.282748 77.619230 150.159242 92.210125 102.696997 105.423171 150.440171 78.483139 110.587560 94.597579 110.532336 184.953624 162.539441 130.344228 79.755923 83.996613 113.901996 123.020027 126.827693 128.765877 142.767774 80.012875 181.683990 102.808668 126.703539 94.546085 101.099699 69.630936 93.152008 78.205846 106.791113 101.008641 176.155388 68.402913 49.935031 134.862508 82.453282 55.090467 84.730512 92.549511 
92.860917 75.874120 144.637823 89.378248 108.681092 116.216531 153.607392 77.135898 116.001100 93.025516 107.425141 174.072770 151.215312 127.692198 80.556115 89.460118 120.361356 122.730296 131.196123 120.466459 144.625759 77.765375 176.905971 101.443095 119.396866 95.446406 101.441481 73.920921 90.994843 78.470230 107.100130 105.712916 169.417930 68.645258 49.193089 136.121066 85.966728 55.270476 83.607827 96.630200 
95.960395 74.441792 143.121907 89.549093 107.136652 112.363647 160.569283 76.641252 117.244836 95.011158 106.164890 176.743376 145.285279 133.135462 78.463604 87.902398 124.285039 121.960280 124.439297 114.948983 140.363269 75.514781 183.305932 96.342183 119.806617 98.592973 96.304498 71.075982 92.613876 77.205184 114.182073 105.254449 168.503103 66.506653 49.615748 134.934376 85.087810 53.772438 86.318123 104.696490 
92.934472 68.966452 142.294888 92.282179 105.513724 110.577665 168.509372 80.424206 109.166430 97.362927 107.981719 177.415161 147.863930 138.733073 78.556525 94.616964 122.175374 118.552501 120.436518 125.772390 140.616376 77.084718 183.200931 98.853944 125.853455 100.577201 99.173369 72.704566 90.775082 81.904584 118.457549 99.382642 173.996354 69.384100 50.323831 136.419660 84.665606 53.937119 82.839023 106.397971 
90.973428 65.924475 149.849097 94.028900 112.951880 118.633238 167.501837 81.874766 116.289139 97.121324 104.529750 176.487073 144.833460 138.548274 79.882655 98.535039 124.554069 118.213415 127.046150 126.092869 132.892874 78.976813 177.140767 97.459317 124.911593 99.313960 101.505406 73.072783 94.231553 83.720619 121.897983 110.818827 178.331178 67.414812 51.030108 139.697377 82.448290 52.126114 77.688493 106.613558 
90.860202 61.515619 149.174838 97.866968 112.156147 114.986892 167.166533 81.615704 110.812059 96.301076 108.534652 180.784151 141.519698 140.861980 78.668596 102.155453 126.489008 124.896260 128.115368 129.209655 128.040078 79.748183 185.701187 95.351889 128.019369 103.717047 101.206171 75.026929 97.079089 85.522702 116.619719 109.410330 172.837785 63.005337 54.702648 137.228859 82.721337 53.737370 77.042963 109.498970 
90.858363 64.334277 145.986808 101.606095 111.041712 115.892071 167.435128 80.465376 109.167772 98.909116 114.648849 161.556126 144.556383 139.681144 73.598283 106.691357 135.227714 121.446582 124.444196 128.479237 129.851460 80.542991 184.071900 96.312675 127.922445 103.918863 97.818742 72.800625 107.077546 82.165521 110.210877 114.272210 172.857099 63.262791 54.881325 136.518319 84.591910 52.050932 76.959115 110.188175 
90.665101 62.804433 147.839593 106.497734 110.673229 118.275966 160.912129 81.382046 110.673841 102.696041 118.233772 155.731770 140.410281 140.491529 73.885416 103.800383 136.923760 114.562792 126.062666 124.509399 128.163562 82.417335 196.840604 101.021847 127.234290 103.352045 96.245819 74.015382 106.865809 83.501546 111.032574 111.577312 177.470598 64.947349 57.406432 136.387773 88.229238 47.323539 77.029631 118.073996 
88.708473 64.627540 143.672614 105.682329 114.217330 119.413515 156.633053 85.879374 109.169542 103.468046 126.665345 149.834462 139.451611 141.249666 74.027468 102.546841 139.780223 116.598562 118.214069 126.788948 130.025697 81.845186 191.140383 102.542356 128.767861 97.006729 92.608581 72.324246 108.138435 79.269677 116.612887 108.908469 174.775901 62.813635 58.322468 132.913750 89.684632 47.317293 74.493957 118.065979 
88.978858 64.604925 148.096544 105.275853 116.225216 119.888407 161.743836 88.167556 105.888248 102.215705 136.255802 148.754520 136.426732 137.289939 70.680504 100.622310 146.972833 113.439044 124.074805 125.051608 128.876702 79.487223 194.205993 99.894224 128.437640 95.816723 94.448129 76.120419 108.890730 81.780078 120.571440 112.998307 174.601091 65.589488 58.798687 136.199096 86.847731 47.130242 76.168344 120.214880 
87.935382 65.423944 147.546800 102.290486 114.551975 122.814011 159.411746 88.099265 98.204966 94.487251 145.690737 152.843234 143.440942 132.292382 68.539062 102.299791 144.548135 119.616814 128.293141 122.009843 124.101943 80.031959 186.912407 99.092383 124.173081 92.766160 95.162383 76.386221 109.442210 84.663845 113.318323 114.192145 177.179371 69.821331 58.469709 141.053336 86.999329 47.712690 74.514158 118.760644 
91.599279 66.896869 146.919588 100.719566 116.499115 118.361017 151.933202 86.345968 97.867456 92.749829 148.677980 152.107182 136.798232 133.194670 70.666329 101.991170 148.715153 113.359179 133.757444 127.143628 120.488790 78.735636 183.124402 103.580102 124.447036 92.823570 95.437651 77.067638 113.985740 84.891507 111.031747 113.819591 159.654181 66.553669 58.556757 138.086981 84.296698 48.440198 74.295363 120.422148 
85.392388 70.510656 157.883568 97.727726 112.482380 119.033546 146.172855 83.173912 97.767949 91.341949 149.038475 151.718876 126.107926 139.067359 70.580133 103.464011 158.027704 115.819808 131.100551 120.470021 117.723189 80.096482 175.211257 103.320045 122.162246 89.688470 93.866009 75.849987 114.187203 80.616447 118.777664 111.715244 160.644132 68.526906 57.707048 137.434552 84.492264 45.598573 78.133574 123.801521 
87.624971 72.422831 154.241751 96.148835 115.409171 128.634265 139.038967 84.063344 101.788657 89.208817 155.680507 152.374625 120.467997 139.072668 67.780937 103.542701 161.937697 112.493279 128.759308 118.286923 123.016499 82.573587 164.683308 113.798515 117.537076 91.786411 90.489900 74.498888 116.381439 78.852468 123.236199 105.981245 154.581283 70.705348 58.288136 138.367661 84.075864 45.265820 79.814629 123.736279 
85.848102 69.154223 148.748886 101.364737 115.174907 121.647896 141.766337 85.051829 98.940440 88.645817 157.381211 153.977344 122.312998 132.741313 69.524855 107.271153 160.946628 108.499173 130.642592 113.260971 120.353612 84.201714 162.958680 110.715913 119.750558 93.754763 87.374522 72.623731 112.390003 80.683094 128.310524 111.038462 151.197256 69.529786 60.157533 140.747876 87.444197 43.310252 80.338823 122.957759 
84.038638 69.370650 147.383964 102.400144 110.173305 117.656059 139.485222 88.267964 99.335879 85.390367 150.959883 158.202123 123.748393 126.830560 68.797882 100.228794 157.173833 110.282558 130.495965 118.972644 124.323311 82.336338 158.789091 105.199950 116.684208 101.838354 87.807498 74.033677 117.187202 80.277367 139.757299 114.158237 153.963028 67.251463 57.397504 142.184574 85.868024 45.257536 80.670269 125.388221 
83.740719 71.538748 145.901729 104.505887 111.167851 112.728873 139.146375 90.081901 96.541391 88.824759 151.630847 152.205995 124.644550 127.980761 66.550119 106.604828 149.768982 107.506499 129.153620 119.530638 129.167707 84.842719 155.426163 103.342733 115.545265 100.863119 88.129567 71.756230 116.841924 77.880492 132.597395 108.046695 162.723195 63.042174 60.302270 140.559811 83.656338 44.314806 78.992761 119.035463 
82.244785 74.286505 138.663367 103.767669 114.175931 111.456909 138.655910 87.233256 97.994482 86.913728 162.766286 153.372777 116.383249 127.431306 67.127223 104.340943 137.573561 107.354030 124.458270 122.346401 123.503193 81.025496 159.892041 104.969394 115.181280 100.133372 83.607329 71.971950 118.428758 74.192277 132.478033 107.280450 157.486138 59.242213 60.269275 144.820171 86.118092 45.151280 75.023984 127.630466 
77.011583 70.962832 137.343535 104.031623 104.724000 112.047732 135.520565 83.263764 103.223218 87.251302 158.381009 159.109690 122.349924 120.687008 65.095666 109.428397 140.044992 105.807486 116.648506 123.894090 123.682946 81.768126 147.890923 100.614862 119.941730 98.909339 80.290975 72.170480 112.752469 78.694014 140.527032 105.363665 162.970467 59.549492 58.125667 145.050868 87.037764 45.474927 71.269784 127.869148 
76.338556 73.356652 134.491958 107.019829 108.880262 115.695382 128.856874 82.473510 103.499059 92.554394 162.166818 161.871324 124.443312 123.729093 61.464708 111.934624 143.102959 108.353434 117.343027 124.148200 130.341513 81.841021 151.120944 100.165167 124.989715 100.527745 75.518211 72.651107 119.182005 80.645341 142.988578 104.603965 158.918949 62.850574 61.041375 152.244518 86.728954 44.144177 72.078651 133.128098 
75.867660 76.500043 127.457642 113.789025 105.942764 110.931654 137.538077 83.177756 106.116617 92.993898 155.592327 166.369496 127.349111 133.371048 61.975408 116.385552 143.747906 106.694168 129.698095 117.240485 129.767984 82.083610 150.364387 101.869621 131.227093 102.675300 78.199377 72.334182 129.455223 85.586972 151.371088 101.433630 152.828376 61.659126 58.016365 150.526205 85.416886 43.104347 73.932534 127.523162 
76.601541 78.643111 130.849885 115.104232 105.900456 106.982860 137.330417 81.963111 104.258837 95.429795 158.080839 159.382496 132.971549 137.794530 61.690336 114.273180 137.976373 106.205122 128.627302 111.975509 132.296862 80.821785 149.513425 100.241775 135.477549 95.548930 78.597973 70.700806 132.579780 86.274835 151.176634 97.870541 150.927274 60.173418 59.315282 146.685004 91.261641 39.452060 75.118281 125.941709 
80.686946 78.236430 124.040488 113.371795 108.588481 107.541024 142.349059 87.101986 109.882679 100.140243 155.720512 166.162146 132.294795 139.661546 62.325367 114.068865 136.613472 114.743844 117.752700 110.084807 136.166149 79.523162 144.001080 102.136174 133.052873 101.791023 76.495218 67.800493 129.618529 84.683014 155.446878 101.404893 142.436388 57.538765 59.410172 143.374133 90.664136 38.529687 72.384545 123.514672 
80.476092 74.414653 126.109904 117.417603 106.816862 100.570423 139.335408 90.847159 109.818783 102.565255 154.573599 168.019688 131.732625 140.013406 62.617046 118.759365 134.291817 115.777988 122.874680 117.390472 134.987473 81.162123 136.723802 97.725376 143.151424 102.909896 76.671043 68.790528 130.278097 86.114356 152.642226 97.389655 141.488977 57.559119 57.834455 148.365325 94.370108 38.687350 71.348246 121.832396 
